.Random.seed <-
c(10403L, 10L, 2097931883L, -1492778999L, -1761730920L, -2116228666L, 
1123850529L, 1653397939L, 1097073954L, -95002860L, -2107906153L, 
-2133416051L, -1967588700L, -105483126L, 1448405749L, -598794929L, 
200145494L, 2009508096L, 1356844099L, 1551671265L, -2136412336L, 
530448814L, 430149465L, -695909013L, 1120505050L, -492124772L, 
-539227745L, -1307997195L, -426718580L, 258088802L, 2119999293L, 
445126583L, -1773865890L, 1669761432L, -34419461L, -710408039L, 
-1483220696L, 1970814934L, -1018893231L, 1679443715L, -847819118L, 
-758051804L, 1881944807L, 974432061L, -773523532L, -1277559782L, 
-1588680859L, -481904129L, 1907889286L, 1922414608L, 356068019L, 
2066098513L, -963368704L, -886084642L, -327059415L, -1248956453L, 
342240490L, -1750082932L, -236280369L, -1781040763L, -1489444292L, 
1205229330L, -1458201587L, 1634555719L, -1742629586L, -333495160L, 
456241547L, -507532951L, 1180533560L, -77599258L, 398178689L, 
-1700885229L, 256527042L, 711939444L, -2021251721L, 756977261L, 
-93896444L, 946795562L, 866732437L, 2037505583L, 869743414L, 
-983768224L, 1569474979L, -628311359L, -309595472L, 181251534L, 
-1810513607L, 2057764171L, 1085503226L, -247416836L, 1774639167L, 
1653874965L, -1040700884L, -918219006L, -1264167971L, -1790091561L, 
-1481668162L, 772058104L, -1598603301L, -1458703815L, 960983944L, 
-1511656650L, 80302449L, -188027997L, -1801659662L, -1189299644L, 
-1672485625L, 2019089629L, -1818601004L, 1032322298L, 1485276229L, 
83670175L, 654005798L, -1361669456L, -1043030189L, -80909711L, 
15128480L, 783859518L, -1128987063L, -969071877L, -71785782L, 
-1669266388L, -1701430225L, 1839076581L, 1270341020L, 1298440178L, 
2012510829L, -896417881L, -1527725618L, 1275733800L, -962695893L, 
-2038505655L, -1326152616L, 1394262278L, -751158047L, -265028493L, 
-206886686L, 412758100L, -963799721L, 323175757L, 1078048996L, 
135972042L, 1025042741L, 234700687L, -77374314L, 2057360448L, 
1804576003L, -2083264223L, 1268720144L, -648435218L, -724304487L, 
-1499215317L, -478274790L, 1590968796L, -1600448545L, -1120383051L, 
1529510220L, 1171926946L, 952010493L, -222640137L, -2580194L, 
-600822824L, 1022635323L, 966683353L, 113428072L, -590964842L, 
-690953455L, -1739871037L, -1875278638L, -1581043356L, 1813095591L, 
927295997L, 1144128500L, -211034918L, -250098139L, -683130049L, 
-477949754L, 1830776144L, 842519923L, -2032877679L, -256847424L, 
2037568414L, -1468740247L, 383817115L, -401803094L, 1493427916L, 
928843663L, 878134213L, 819619708L, -1440852014L, -109152435L, 
-1119476217L, 2013246958L, 1154367688L, 1182109643L, -1894274519L, 
-1554163592L, 1562662310L, 957947841L, 1623458899L, 468970242L, 
867741236L, -1574655049L, 1292401581L, 1162670276L, -337050390L, 
-1545155755L, -55706385L, 451039990L, -17228256L, 1210704867L, 
2038048897L, -1477019920L, 1779422606L, -1659708679L, 133273739L, 
848371898L, 46576572L, 1647307007L, -456311723L, 472500076L, 
905967554L, -1609072611L, 2007875735L, 161594878L, -334787144L, 
994001307L, 1260783609L, -1573990584L, -613021472L, -2112007134L, 
564476712L, -316130804L, -647171268L, 281630706L, -2143190288L, 
-447210940L, 1175570008L, -1603655878L, 1501763568L, -572847428L, 
-166685420L, -1005994814L, -1162490784L, 1375325564L, -1265713200L, 
795105570L, 705842856L, 1577074572L, -743816004L, -1876335822L, 
-404289984L, -142773068L, 604724296L, -1023550022L, 230840848L, 
158391532L, -204021420L, 92101394L, 1471907232L, 2010337996L, 
617454176L, -1139714110L, 205296424L, 1855226284L, 989259068L, 
247268210L, 2124641584L, -2080399580L, -1679411912L, 2049750746L, 
1599756176L, -1082514692L, 1748450196L, -179600318L, -87380736L, 
1964585020L, -1162945200L, 1614853282L, 1522027336L, -2064990452L, 
2005262044L, -1552545966L, -408078720L, -1900040108L, 982029288L, 
-1158264070L, 511901008L, 1986004780L, 1364347764L, 2098373522L, 
127138400L, -1399869556L, -1194956960L, -44717086L, -750441560L, 
-382669620L, -1448207876L, -966811726L, -1318195728L, 1991634372L, 
834158936L, 1102558586L, 1978961328L, 72442812L, -74123180L, 
15675330L, -2103293920L, -701734724L, -819774896L, -2015250462L, 
329387624L, 1480617548L, 484989180L, 119816178L, -236350208L, 
-99988620L, -1498855416L, 1824360890L, 90926544L, -1848630292L, 
1438096276L, -1521030190L, 499191648L, 295467340L, 997740832L, 
-1753952382L, -1933824280L, -171808532L, -1816510916L, -137096334L, 
1188345456L, -748549084L, 1750974264L, 520298650L, 640513744L, 
233526460L, -228885868L, 1408961154L, -335261504L, -385759940L, 
1454577808L, -791314910L, -85124600L, 437957900L, 264569500L, 
-1846929902L, 1532895616L, -1284349420L, 735002152L, 1338483002L, 
-682714160L, 264236652L, -1897805004L, -79351150L, 40744288L, 
1179891020L, 924554208L, -1303523422L, 1549225896L, 2044219276L, 
1738648252L, -293663886L, 1234059504L, 1883204L, 460315992L, 
1155469370L, -189303952L, 877515836L, -1432663276L, 1169071554L, 
1860701408L, 1645074300L, -59328816L, -1677698398L, -1565461464L, 
-269025012L, 478804924L, -1356696270L, 147187648L, 1587668532L, 
104176584L, -658172742L, -1498257520L, 191834604L, -1625279404L, 
-1945322862L, 523606816L, -745602612L, -1632162848L, 1887246018L, 
-346507736L, -785559892L, 918992572L, -1399021070L, 2308400L, 
-627242844L, -1204032840L, 2113089370L, -1055998576L, -96400004L, 
1032466708L, -87630526L, 1832248064L, 46328764L, -1340841136L, 
-1323346654L, 441542984L, 1445809164L, 1531137116L, 720303314L, 
1119474688L, 1967007572L, -1078654488L, 1295506426L, -1685665072L, 
-632052436L, 917945588L, -997481582L, -804877216L, 1887164684L, 
-662557984L, -1102981790L, 1548768936L, 1718300236L, -473255044L, 
864894770L, -1477303696L, 1858670916L, 1628628952L, 1056814202L, 
-1149756880L, -33886532L, 1640070996L, -1872146878L, -894943328L, 
-1817314116L, -1372180016L, 1641451874L, 1062905832L, 560937932L, 
1927302908L, 418939890L, -944720768L, 443613428L, -379953016L, 
-2046668486L, -1824967856L, 1143849068L, 1892113556L, 2072536402L, 
-637750560L, -131896116L, -1147888480L, 1233001858L, 1329990888L, 
-772833670L, 1704341423L, 1837808313L, 420517070L, -1505628644L, 
-142928499L, -1394117641L, 1352922880L, 2117049694L, 922134059L, 
1803733293L, 1182668186L, -789609640L, 1504950977L, -134746765L, 
-1841033580L, -103797982L, -514628041L, 1307550465L, -568759802L, 
-1293600700L, 1003911541L, -378348321L, 1254940728L, 392595478L, 
216840227L, 1762166757L, -237616638L, -1932271504L, -1522444775L, 
1829750795L, -651885828L, 1303925546L, 1389172063L, 875121897L, 
-1841443842L, 738899948L, -593013955L, 179756807L, 1673672432L, 
-2127554930L, -500903749L, 1879602333L, 367536202L, 1090460264L, 
532297297L, -57504445L, -2106999740L, -190165262L, -1316784441L, 
146840721L, 410112534L, 552910964L, 414360325L, -380442289L, 
1990572872L, 298080998L, 943606803L, 1716245365L, -1308728494L, 
1835512736L, -1984620919L, 967107259L, 1119492364L, -480897894L, 
2027391503L, -1496482215L, 1346589422L, -1192920708L, 311814637L, 
-555739497L, -1436495520L, 247399742L, -2096105973L, 691401357L, 
-990105670L, -821494280L, -889071199L, -669450413L, 359427700L, 
-1260531710L, 967887511L, 1940378721L, -880553818L, 1583399076L, 
-782567083L, -1380914689L, 1594093720L, -2093851210L, -423872957L, 
105380741L, 1819484194L, 1561350928L, 1078992569L, 1265464171L, 
-287167908L, 32319370L, 958191487L, -441529655L, 1360888670L, 
-2093189108L, 1033504733L, 1821332199L, 1889667856L, 329253422L, 
-1343547173L, 511083965L, -729246934L, -264389688L, -1350223631L, 
-349063581L, 1502315108L, 222986642L, 1702588007L, -488772047L, 
-859737226L, 801433748L, 1821406885L, 263230383L, 1041940584L, 
793478214L, -2132676109L, -1840280235L, -264267982L, -643319040L, 
84148201L, 1905115739L, -145523540L, 1093354170L, 441862255L, 
1628882425L, -1962794866L, 1253615964L, 1366147533L, 474293559L, 
-1262053440L, 629821598L, -1910753941L, -1298526995L, -1396552358L, 
-359719400L, -251421823L, 8233267L, -1366847660L, -1261033118L, 
895812087L, -1439247807L, 1060546246L, 1069606916L, 1024976821L, 
